[logout3.jpg]
filters=finetune2=1,0.000000,0.480000,0.000000,00000000,0.052632;
moddate=316b7f17aa51cf01
width=256
height=256
textactive=0
